    39
A|2|AM0000  0.000  0.035  0.031  0.030  0.059  0.037  0.040  0.027  0.030  0.035  0.024  0.029  0.035  0.032  0.039  0.024  0.022  0.057  0.029  0.040  0.025  0.037  0.027  0.029  0.052  0.036  0.034  0.037  0.042  0.057  0.039  0.027  0.034  0.034  0.032  0.038  0.043  0.032  0.036  
A|0|AY5216  0.035  0.000  0.039  0.016  0.048  0.038  0.030  0.047  0.039  0.038  0.043  0.026  0.023  0.031  0.022  0.048  0.044  0.049  0.031  0.034  0.023  0.028  0.043  0.034  0.036  0.034  0.054  0.029  0.031  0.042  0.053  0.047  0.029  0.033  0.029  0.037  0.036  0.034  0.014  
G|26|AY586  0.031  0.039  0.000  0.031  0.045  0.024  0.024  0.043  0.037  0.021  0.036  0.029  0.039  0.029  0.034  0.038  0.029  0.042  0.032  0.031  0.025  0.027  0.027  0.027  0.045  0.026  0.049  0.024  0.034  0.046  0.040  0.031  0.024  0.024  0.022  0.026  0.034  0.023  0.041  
A|4|AY5216  0.030  0.016  0.031  0.000  0.052  0.032  0.029  0.043  0.037  0.035  0.037  0.026  0.026  0.026  0.025  0.042  0.037  0.048  0.031  0.028  0.025  0.024  0.036  0.028  0.043  0.030  0.049  0.029  0.031  0.047  0.046  0.041  0.027  0.033  0.027  0.035  0.036  0.033  0.018  
D|8|AY7733  0.059  0.048  0.045  0.052  0.000  0.051  0.036  0.064  0.048  0.043  0.060  0.044  0.050  0.050  0.042  0.065  0.060  0.061  0.045  0.045  0.041  0.045  0.053  0.056  0.031  0.045  0.073  0.041  0.040  0.041  0.068  0.060  0.047  0.037  0.038  0.046  0.051  0.041  0.052  
G|23|U8882  0.037  0.038  0.024  0.032  0.051  0.000  0.026  0.046  0.046  0.028  0.044  0.041  0.040  0.036  0.043  0.041  0.037  0.041  0.041  0.029  0.029  0.034  0.037  0.038  0.055  0.020  0.051  0.025  0.042  0.054  0.039  0.037  0.025  0.037  0.025  0.041  0.044  0.024  0.044  
G|27|AF423  0.040  0.030  0.024  0.029  0.036  0.026  0.000  0.054  0.041  0.028  0.049  0.027  0.034  0.035  0.027  0.049  0.041  0.042  0.037  0.033  0.024  0.031  0.041  0.034  0.038  0.023  0.059  0.015  0.029  0.036  0.050  0.045  0.022  0.020  0.021  0.029  0.034  0.028  0.037  
A|5|AM0000  0.027  0.047  0.043  0.043  0.064  0.046  0.054  0.000  0.031  0.046  0.024  0.046  0.040  0.042  0.056  0.018  0.039  0.071  0.039  0.044  0.041  0.048  0.028  0.048  0.065  0.048  0.022  0.052  0.056  0.069  0.027  0.022  0.049  0.052  0.043  0.056  0.063  0.042  0.044  
D|10|AY322  0.030  0.039  0.037  0.037  0.048  0.046  0.041  0.031  0.000  0.041  0.023  0.027  0.033  0.036  0.041  0.025  0.040  0.070  0.030  0.036  0.029  0.038  0.024  0.041  0.046  0.044  0.031  0.043  0.036  0.058  0.041  0.026  0.037  0.037  0.033  0.041  0.050  0.034  0.038  
G|30|EU786  0.035  0.038  0.021  0.035  0.043  0.028  0.028  0.046  0.041  0.000  0.040  0.032  0.041  0.025  0.032  0.043  0.030  0.036  0.023  0.028  0.024  0.024  0.035  0.028  0.041  0.023  0.056  0.021  0.036  0.047  0.048  0.036  0.031  0.025  0.025  0.032  0.033  0.026  0.041  
B|31|AF004  0.024  0.043  0.036  0.037  0.060  0.044  0.049  0.024  0.023  0.040  0.000  0.036  0.042  0.033  0.046  0.020  0.032  0.067  0.031  0.035  0.033  0.035  0.017  0.038  0.054  0.045  0.027  0.048  0.042  0.066  0.039  0.020  0.040  0.045  0.037  0.044  0.050  0.034  0.042  
C|22|EU786  0.029  0.026  0.029  0.026  0.044  0.041  0.027  0.046  0.027  0.032  0.036  0.000  0.029  0.030  0.020  0.041  0.036  0.053  0.023  0.036  0.018  0.027  0.034  0.025  0.031  0.036  0.049  0.027  0.024  0.039  0.051  0.040  0.026  0.018  0.026  0.022  0.028  0.031  0.028  
A|6|DQ3964  0.035  0.023  0.039  0.026  0.050  0.040  0.034  0.040  0.033  0.041  0.042  0.029  0.000  0.037  0.033  0.040  0.048  0.058  0.034  0.039  0.030  0.035  0.039  0.039  0.043  0.041  0.045  0.036  0.040  0.048  0.042  0.041  0.036  0.037  0.031  0.044  0.048  0.038  0.019  
C|21|DQ369  0.032  0.031  0.029  0.026  0.050  0.036  0.035  0.042  0.036  0.025  0.033  0.030  0.037  0.000  0.028  0.041  0.028  0.044  0.022  0.026  0.028  0.022  0.035  0.022  0.043  0.027  0.052  0.030  0.030  0.052  0.046  0.033  0.032  0.031  0.034  0.030  0.034  0.034  0.030  
C|16|AY713  0.039  0.022  0.034  0.025  0.042  0.043  0.027  0.056  0.041  0.032  0.046  0.020  0.033  0.028  0.000  0.053  0.040  0.045  0.027  0.036  0.024  0.023  0.044  0.025  0.025  0.034  0.063  0.028  0.020  0.035  0.061  0.051  0.030  0.021  0.029  0.025  0.023  0.036  0.026  
B|32|AF042  0.024  0.048  0.038  0.042  0.065  0.041  0.049  0.018  0.025  0.043  0.020  0.041  0.040  0.041  0.053  0.000  0.036  0.070  0.038  0.041  0.037  0.045  0.021  0.044  0.063  0.046  0.017  0.049  0.052  0.071  0.026  0.014  0.043  0.048  0.038  0.051  0.059  0.037  0.046  
D|12|AJ488  0.022  0.044  0.029  0.037  0.060  0.037  0.041  0.039  0.040  0.030  0.032  0.036  0.048  0.028  0.040  0.036  0.000  0.048  0.032  0.040  0.031  0.037  0.034  0.022  0.056  0.030  0.048  0.038  0.041  0.056  0.045  0.031  0.035  0.033  0.037  0.035  0.039  0.035  0.045  
G|28|AY371  0.057  0.049  0.042  0.048  0.061  0.041  0.042  0.071  0.070  0.036  0.067  0.053  0.058  0.044  0.045  0.070  0.048  0.000  0.049  0.050  0.047  0.042  0.063  0.040  0.057  0.034  0.080  0.035  0.050  0.045  0.067  0.063  0.042  0.043  0.048  0.043  0.036  0.048  0.054  
B|33|AF256  0.029  0.031  0.032  0.031  0.045  0.041  0.037  0.039  0.030  0.023  0.031  0.023  0.034  0.022  0.027  0.038  0.032  0.049  0.000  0.030  0.022  0.023  0.032  0.026  0.034  0.034  0.049  0.032  0.032  0.046  0.050  0.035  0.035  0.028  0.028  0.033  0.033  0.031  0.031  
B|35|AF042  0.040  0.034  0.031  0.028  0.045  0.029  0.033  0.044  0.036  0.028  0.035  0.036  0.039  0.026  0.036  0.041  0.040  0.050  0.030  0.000  0.029  0.019  0.030  0.036  0.045  0.028  0.050  0.033  0.032  0.054  0.045  0.035  0.032  0.039  0.025  0.041  0.042  0.027  0.037  
D|9|EF6334  0.025  0.023  0.025  0.025  0.041  0.029  0.024  0.041  0.029  0.024  0.033  0.018  0.030  0.028  0.024  0.037  0.031  0.047  0.022  0.029  0.000  0.023  0.030  0.027  0.033  0.026  0.045  0.021  0.024  0.042  0.047  0.035  0.018  0.020  0.016  0.026  0.029  0.016  0.030  
B|38|EU786  0.037  0.028  0.027  0.024  0.045  0.034  0.031  0.048  0.038  0.024  0.035  0.027  0.035  0.022  0.023  0.045  0.037  0.042  0.023  0.019  0.023  0.000  0.031  0.026  0.034  0.031  0.054  0.029  0.024  0.046  0.051  0.039  0.027  0.031  0.023  0.030  0.028  0.026  0.030  
B|37|AB287  0.027  0.043  0.027  0.036  0.053  0.037  0.041  0.028  0.024  0.035  0.017  0.034  0.039  0.035  0.044  0.021  0.034  0.063  0.032  0.030  0.030  0.031  0.000  0.038  0.051  0.041  0.031  0.043  0.041  0.061  0.035  0.020  0.035  0.040  0.026  0.042  0.048  0.026  0.043  
B|36|AB428  0.029  0.034  0.027  0.028  0.056  0.038  0.034  0.048  0.041  0.028  0.038  0.025  0.039  0.022  0.025  0.044  0.022  0.040  0.026  0.036  0.027  0.026  0.038  0.000  0.045  0.030  0.055  0.031  0.029  0.046  0.050  0.039  0.029  0.025  0.033  0.024  0.025  0.036  0.034  
D|7|AY7733  0.052  0.036  0.045  0.043  0.031  0.055  0.038  0.065  0.046  0.041  0.054  0.031  0.043  0.043  0.025  0.063  0.056  0.057  0.034  0.045  0.033  0.034  0.051  0.045  0.000  0.049  0.071  0.038  0.031  0.038  0.073  0.060  0.042  0.031  0.036  0.036  0.035  0.041  0.039  
G|25|AY772  0.036  0.034  0.026  0.030  0.045  0.020  0.023  0.048  0.044  0.023  0.045  0.036  0.041  0.027  0.034  0.046  0.030  0.034  0.034  0.028  0.026  0.031  0.041  0.030  0.049  0.000  0.057  0.020  0.034  0.043  0.046  0.040  0.025  0.028  0.027  0.034  0.036  0.028  0.041  
A|1|AM0000  0.034  0.054  0.049  0.049  0.073  0.051  0.059  0.022  0.031  0.056  0.027  0.049  0.045  0.052  0.063  0.017  0.048  0.080  0.049  0.050  0.045  0.054  0.031  0.055  0.071  0.057  0.000  0.058  0.059  0.077  0.030  0.025  0.049  0.059  0.048  0.060  0.068  0.045  0.052  
D|11|AF484  0.037  0.029  0.024  0.029  0.041  0.025  0.015  0.052  0.043  0.021  0.048  0.027  0.036  0.030  0.028  0.049  0.038  0.035  0.032  0.033  0.021  0.029  0.043  0.031  0.038  0.020  0.058  0.000  0.031  0.038  0.051  0.044  0.021  0.020  0.025  0.026  0.029  0.027  0.036  
C|19|EF514  0.042  0.031  0.034  0.031  0.040  0.042  0.029  0.056  0.036  0.036  0.042  0.024  0.040  0.030  0.020  0.052  0.041  0.050  0.032  0.032  0.024  0.024  0.041  0.029  0.031  0.034  0.059  0.031  0.000  0.041  0.059  0.046  0.023  0.026  0.030  0.022  0.025  0.031  0.035  
D|13|AY371  0.057  0.042  0.046  0.047  0.041  0.054  0.036  0.069  0.058  0.047  0.066  0.039  0.048  0.052  0.035  0.071  0.056  0.045  0.046  0.054  0.042  0.046  0.061  0.046  0.038  0.043  0.077  0.038  0.041  0.000  0.071  0.067  0.043  0.033  0.042  0.039  0.036  0.048  0.047  
G|29|AB231  0.039  0.053  0.040  0.046  0.068  0.039  0.050  0.027  0.041  0.048  0.039  0.051  0.042  0.046  0.061  0.026  0.045  0.067  0.050  0.045  0.047  0.051  0.035  0.050  0.073  0.046  0.030  0.051  0.059  0.071  0.000  0.024  0.047  0.055  0.045  0.057  0.066  0.046  0.050  
B|34|AF086  0.027  0.047  0.031  0.041  0.060  0.037  0.045  0.022  0.026  0.036  0.020  0.040  0.041  0.033  0.051  0.014  0.031  0.063  0.035  0.035  0.035  0.039  0.020  0.039  0.060  0.040  0.025  0.044  0.046  0.067  0.024  0.000  0.038  0.044  0.037  0.045  0.054  0.033  0.046  
C|20|DQ207  0.034  0.029  0.024  0.027  0.047  0.025  0.022  0.049  0.037  0.031  0.040  0.026  0.036  0.032  0.030  0.043  0.035  0.042  0.035  0.032  0.018  0.027  0.035  0.029  0.042  0.025  0.049  0.021  0.023  0.043  0.047  0.038  0.000  0.025  0.023  0.022  0.028  0.020  0.036  
D|14|AY795  0.034  0.033  0.024  0.033  0.037  0.037  0.020  0.052  0.037  0.025  0.045  0.018  0.037  0.031  0.021  0.048  0.033  0.043  0.028  0.039  0.020  0.031  0.040  0.025  0.031  0.028  0.059  0.020  0.026  0.033  0.055  0.044  0.025  0.000  0.026  0.018  0.025  0.030  0.037  
G|24|AF061  0.032  0.029  0.022  0.027  0.038  0.025  0.021  0.043  0.033  0.025  0.037  0.026  0.031  0.034  0.029  0.038  0.037  0.048  0.028  0.025  0.016  0.023  0.026  0.033  0.036  0.027  0.048  0.025  0.030  0.042  0.045  0.037  0.023  0.026  0.000  0.034  0.036  0.016  0.035  
C|18|AY255  0.038  0.037  0.026  0.035  0.046  0.041  0.029  0.056  0.041  0.032  0.044  0.022  0.044  0.030  0.025  0.051  0.035  0.043  0.033  0.041  0.026  0.030  0.042  0.024  0.036  0.034  0.060  0.026  0.022  0.039  0.057  0.045  0.022  0.018  0.034  0.000  0.019  0.033  0.040  
C|17|AY713  0.043  0.036  0.034  0.036  0.051  0.044  0.034  0.063  0.050  0.033  0.050  0.028  0.048  0.034  0.023  0.059  0.039  0.036  0.033  0.042  0.029  0.028  0.048  0.025  0.035  0.036  0.068  0.029  0.025  0.036  0.066  0.054  0.028  0.025  0.036  0.019  0.000  0.036  0.042  
C|15|U4601  0.032  0.034  0.023  0.033  0.041  0.024  0.028  0.042  0.034  0.026  0.034  0.031  0.038  0.034  0.036  0.037  0.035  0.048  0.031  0.027  0.016  0.026  0.026  0.036  0.041  0.028  0.045  0.027  0.031  0.048  0.046  0.033  0.020  0.030  0.016  0.033  0.036  0.000  0.041  
A|3|AY5216  0.036  0.014  0.041  0.018  0.052  0.044  0.037  0.044  0.038  0.041  0.042  0.028  0.019  0.030  0.026  0.046  0.045  0.054  0.031  0.037  0.030  0.030  0.043  0.034  0.039  0.041  0.052  0.036  0.035  0.047  0.050  0.046  0.036  0.037  0.035  0.040  0.042  0.041  0.000  
